(0.5936904175805775, 0.5334244486240991, 1.1578560515600664, 13.41953947956411)
(0.25996232906084493, 0.4528097510593453, 0.7889291452235072, 17.078209035420848)
(0.5211487545469298, 0.24581984562484177, 0.5942219014818255, 19.50609852516727)
(0.5753424539519677, 0.25127089535469166, 1.2474174393508795, 17.28159141917323)
(0.45937816608519366, 0.42557447309755836, 0.9636292766210055, 8.125525034013169)
(0.25329676490396585, 0.548658189612748, 1.079771976481704, 10.581603183180167)
(0.2892886466011705, 0.5567221445168592, 1.1288999592472047, 13.849342943513193)
(0.383938284203173, 0.22012678041870304, 1.0131914283830692, 16.355487354013487)
(0.5434696698567447, 0.44185181611758606, 1.1356478331415432, 10.967157929613736)
(0.4875480313978658, 0.3770097180295096, 0.6648298179882118, 13.479952790079762)
(0.34022513923245107, 0.4640669287215769, 1.2089748011734982, 18.22531450037927)
(0.4420670960794419, 0.33967809425700124, 0.6519593912157273, 12.465675078441045)
(0.40932700179841, 0.3047440990065563, 0.8291000688481437, 16.084889565953738)
(0.24368523024899916, 0.2025340596573632, 0.6127211259660302, 10.43328906453467)
(0.5010164336897847, 0.3869725035216188, 0.8006451522514042, 12.828282048896959)
(0.38493263881528383, 0.5678115615175428, 1.038076072920139, 11.19852501713876)
(0.3781461126719997, 0.3013785682397368, 0.941330594629441, 7.83044074852906)
(0.29118767286617286, 0.48062531304430706, 1.2265890614953854, 18.91387207034413)
(0.36485863877069274, 0.4363064242056539, 0.8329562729437332, 10.905779241619669)
(0.3550825624968933, 0.5237352333941092, 1.0913322258857439, 6.323241526863404)
(0.40693427458386905, 0.503437445255424, 1.0161394847115006, 7.712495406201384)
(0.39399091517074647, 0.41516398085568973, 1.2479582304870527, 10.048071841546228)
(0.5131354912883865, 0.3773995820899586, 0.5861357659229651, 9.084555194373834)
(0.3006215374897704, 0.3222475915095614, 0.6610238659331391, 14.800545761103216)
(0.26905527495577863, 0.40196494003227357, 1.0069114955734095, 6.560571535031757)
(0.44163656772371696, 0.3605201171464757, 0.8298005975289053, 9.950462354339784)
(0.2064884996384137, 0.4157132439243364, 0.8746629788733922, 14.460916376572323)
(0.2099614436151386, 0.5516389590413824, 0.8146581677826248, 10.74196454952807)
(0.5246776173503398, 0.20016831217242326, 1.2138674204127957, 18.922150785738616)
(0.4276965921880659, 0.5109122148176196, 1.2369259302201687, 17.380590367389463)
(0.4617663608124349, 0.388540061359378, 0.8216866667591451, 14.89376288896744)
(0.24478335433045526, 0.42620240367230217, 0.6970026040907504, 19.47283213716701)
(0.277558638812911, 0.3125649421711289, 0.6386220552735973, 7.2661231982243475)
(0.23616757554411985, 0.569861252078186, 1.107056813381389, 19.699657941934554)
(0.3032165763147034, 0.43300707862522286, 0.6861629485795623, 9.123759050001162)
(0.23060533666766475, 0.5114037172022582, 1.2425466301587687, 7.196424079214359)
(0.23021060423957723, 0.43029320973476326, 1.015001323251993, 17.65218991396293)
(0.575024435415878, 0.45839135516804785, 0.9703802810568543, 6.621557588422403)
(0.37954390036440055, 0.5229783855425844, 0.8891685681941484, 13.089916398604402)
(0.3910875064864644, 0.41453623094612324, 1.2299547540392848, 15.218470287621235)
(0.4687569036216176, 0.46803359526194493, 0.8643273395068288, 18.499438811657356)
(0.4369780590122434, 0.255051631086455, 1.1211276576926505, 16.792876227919038)
(0.27067314444287094, 0.3672188402419721, 0.6377818116213949, 18.65727414306152)
(0.5122976139637729, 0.4936255825719804, 0.5748765441368134, 15.409326340709114)
(0.5554259611759987, 0.4448030497743777, 0.6388312420503088, 5.8887708797081455)
(0.47004368300364857, 0.43124262134412084, 0.7298608562297102, 7.665261064222538)
(0.44809119502715555, 0.5545353354947329, 1.0412197567033448, 17.61358299997908)
(0.31490128415546037, 0.42869501579363084, 0.9095473901370996, 17.941385441374912)
(0.4543508968270354, 0.22726755493115006, 1.2048850367625317, 8.687310975377635)
(0.36536024688339164, 0.23765017518366502, 0.7691026740007141, 17.0403451449065)
(0.3804890380647035, 0.4976112694295756, 0.8716244441103482, 5.432841537461731)
(0.35239442548491673, 0.43590813758800045, 0.9341511333366601, 17.364835119895808)
(0.5563512669981485, 0.5089974680273517, 0.5122293031732679, 7.841283250861686)
(0.475120089739336, 0.2484783501895271, 0.5339634446527881, 9.503915239941268)
(0.22074757689937707, 0.22275049847853987, 0.6088043280867451, 7.8590363270926265)
(0.5546796205232876, 0.5342045663818593, 1.1752528518404273, 12.095665651144294)
(0.4882854215092472, 0.5792300766282752, 0.7872313553814603, 13.376672029365096)
(0.4009464099553276, 0.5351576410384997, 1.0331447453022022, 6.043713285210256)
(0.45441350723514273, 0.22776158297870625, 0.7625502325837998, 17.572934586265806)
(0.5190130473593779, 0.28728609462029914, 0.8787366224120173, 8.613362840048513)
(0.3620682285540469, 0.34488127316466993, 0.7975755194435252, 16.497038456141013)
(0.47615759367172, 0.2096529044184896, 1.078547669631996, 5.743811426460895)
(0.49705032638263713, 0.43542964716545063, 0.725261051730815, 9.471987640523714)
(0.2186184412471695, 0.5491008641748194, 1.0233225032277518, 6.878809785796348)
(0.22967337249463043, 0.3535578887680583, 1.1967000808572836, 18.43108349504365)
(0.5839415307023229, 0.47207013432381745, 1.201017248994557, 9.587841921005433)
(0.394831611811005, 0.4379337873109059, 0.7885364599382465, 5.612695799072119)
(0.24675380397453386, 0.4599915407934654, 1.0819584534431268, 9.932380377935962)
(0.5807786472269492, 0.3613635424735556, 0.6344894641049004, 10.06409554314752)
(0.2726728035612192, 0.2569981895051911, 1.1203437462933241, 10.147233025597666)
(0.2115826099751949, 0.3027274006361614, 0.7113224413466717, 15.796259186362517)
(0.5313715069393028, 0.26343349502971874, 1.2132130594100543, 5.654395787923106)
(0.33099049882051296, 0.5439593312388384, 0.8128749060846586, 18.73922057200302)
(0.5820300632523927, 0.29076035474336803, 0.8166173187863017, 8.166460202841087)
(0.20600817172776537, 0.4932791896478906, 1.0019153918444215, 14.365362750860067)
(0.5048884014581687, 0.29514617911663477, 1.1700979489730394, 10.917286656947145)
(0.37365697114235097, 0.3154148802537626, 1.1139611828779248, 17.890406550931445)
(0.2686934146729997, 0.3263440926356184, 1.2121415920444822, 7.753746659471076)
(0.22350697202378847, 0.35465299527595395, 1.1034752056626305, 17.070087566533815)
(0.2574482143681092, 0.5325257026618175, 1.1117773426440716, 10.64076713109927)
(0.3692334607921847, 0.29940763582867996, 1.2317537290962464, 16.57196847815255)
(0.23286057580449054, 0.30493896506377594, 0.6328967061290397, 19.28700916585901)
(0.250146832948293, 0.426684737754327, 0.8924488301282673, 18.466963931103116)
(0.5017220807484726, 0.4308557123726696, 0.9049009228720238, 10.22578430389187)
(0.542361961700708, 0.5921097137486914, 0.9514366300858824, 5.435960902659491)
(0.5735450368279849, 0.40761644790163637, 0.9846493368679361, 13.856094769933005)
(0.3560869503581482, 0.3600819540644068, 0.955290479702887, 15.361199249692412)
(0.27536396964185667, 0.5383619803209743, 1.1062878757249819, 12.977430630438608)
(0.533774019755411, 0.34537102779438644, 0.704400511135264, 5.292160523367303)
(0.5612944306439973, 0.43048030211339516, 0.7838808850883184, 5.06600609837716)
(0.251227505505724, 0.20475210656459955, 0.9941621723255749, 13.353684364821339)
(0.3449368546859838, 0.4950325566796838, 0.8999192589378936, 17.634931528800372)
(0.3458665448966687, 0.38164065338105535, 1.1706781008896971, 16.89094197588635)
(0.5186543231928911, 0.44067422400791834, 1.0796317912635311, 17.672783249411864)
(0.5388255490146496, 0.37102483838512046, 0.877712510132917, 11.36405471436984)
(0.29737880277389883, 0.2588255440052646, 0.688414773879568, 10.93280945653813)
(0.2738494562106077, 0.2452053473820303, 0.5324616798229973, 15.665732080099943)
(0.38355260856911316, 0.3208597865283237, 1.1130221945870065, 10.113171174824974)
(0.47216469680001233, 0.3833255614539578, 1.1457407729855835, 7.183185230572374)
(0.5516698401955215, 0.48108185638986234, 1.088406088938651, 9.283365288093982)
(0.42627922904342297, 0.5052326232417937, 0.8864140294734263, 14.148341173835059)
(0.5004011861368649, 0.3348483199902769, 1.132787068671602, 12.742446551305086)
(0.5863574321872513, 0.31320035810781033, 1.0597507364479202, 15.820248124766618)
(0.5183638237092063, 0.31444118664044135, 1.0204782503725967, 13.876387579129382)
(0.3147427912499333, 0.35168929282372313, 0.6138513468295903, 12.321340426593036)
(0.585737492384269, 0.5303855349158021, 1.0722459276244036, 10.774225131244783)
(0.3097576299289409, 0.27687940727565624, 0.9018210853845294, 15.862258867356156)
(0.2715771072239387, 0.42127961445854334, 0.5083041534273708, 14.258418374013434)
(0.4265207516864086, 0.26126480791253787, 0.7264698865253397, 5.626973268339214)
(0.35915003052827776, 0.3489981876039228, 0.9239411089037534, 8.755549822331353)
(0.31565954756009523, 0.43433791480302353, 1.1271990341810487, 11.417104377636967)
(0.5578916964994729, 0.27571603812108747, 0.896764846411326, 11.665826845910344)
(0.45237819987400346, 0.538953476412029, 0.8809682370863149, 19.701737814329498)
(0.41571616868595973, 0.261130748861431, 1.0556812092456318, 11.192247001566795)
(0.3980079891281783, 0.4414165757430166, 0.8796619392887439, 9.685453874868383)
(0.5949710347400166, 0.241941947898134, 0.8510404816598314, 19.87547986051228)
(0.31056879311367697, 0.3301200896221644, 0.571513075133566, 11.300891083854566)
(0.438340624404032, 0.5609966589046211, 0.9114469742069444, 13.947887469057761)
(0.41675231298952087, 0.28274636215605087, 0.9692914433406641, 18.795429430943585)
(0.5046288387145275, 0.5817556049811854, 0.8595240281619363, 10.603822836551217)
(0.3010364867562285, 0.5147129485893212, 0.5685587703136933, 12.25524438633024)
(0.43198557606628907, 0.3738326399823373, 1.1266444004936824, 17.356616106976936)
(0.2729710168267512, 0.4817736912398272, 0.6239734983641672, 19.63028077276698)
(0.33253902677739156, 0.32907351433927035, 0.6524094258335105, 19.181762834246005)
(0.31422743272192805, 0.44574959500762357, 0.9039795069991623, 10.677308911330899)
(0.4857053177246071, 0.4776454388453105, 0.6830592071020286, 12.762445506122255)
(0.3193918899541038, 0.43488005183569445, 1.045014161981192, 17.617439264564823)
(0.39580234334139297, 0.4627536573102659, 0.5516959556396953, 6.472370101834408)
(0.45397777283323726, 0.3690877554255465, 0.6827494024696239, 19.367405083322126)
(0.43947444265207913, 0.5117029229733099, 0.77298898786733, 19.987592398632188)
(0.3540573807905702, 0.4898510953707234, 1.2251347903257046, 19.015987393880827)
(0.543152130977654, 0.3686540322555687, 0.9785311781143242, 13.280068032911245)
(0.37129115804345814, 0.5982756153960317, 1.0094842512131255, 7.97441890451774)
(0.29624486332193456, 0.4081436445461655, 0.9424919542662683, 13.531864135120967)
(0.5897899646788132, 0.5723344994782966, 0.9303755698490926, 7.252455435641746)
(0.5056043467989265, 0.5353776122287885, 0.8308706977018387, 12.440145175035106)
(0.3223433616445725, 0.2786207017546983, 0.5079555704631186, 8.733799260745307)
(0.3728978679308821, 0.46142648838907097, 0.6016480047993572, 15.482739905392801)
(0.30152762933910765, 0.4820371585511375, 0.7609665131832692, 19.786507215725845)
(0.41508317626787417, 0.5462039209830394, 1.233810166120239, 7.362600650362239)
(0.5055663538661772, 0.42190253301837766, 0.9261173087114281, 16.315436169492823)
(0.46574034037994627, 0.39413191869785946, 0.7521778227357203, 12.709128372774178)
(0.510253356646027, 0.36458418902589534, 1.0217461576375269, 19.237332816900693)
(0.5850069709965651, 0.21729254896421626, 1.2321109883623391, 12.237428127756449)
(0.33163617910245147, 0.31216515042378523, 1.1713622942758746, 5.714891138066127)
(0.49540047321658737, 0.5909874355835981, 1.185421265213078, 15.584021712399476)
(0.47163306493097934, 0.5813476671038541, 0.6101168700631723, 11.969917165465855)
(0.20432335879613492, 0.5471900707472805, 1.1420544046561218, 18.253276890076148)
(0.5906769859710317, 0.3149606091233769, 1.0632445141577802, 9.030829668400987)
(0.20931878661372044, 0.2509464920907723, 1.161513645539343, 18.625694634355128)
(0.3878089976505489, 0.3840954269747264, 1.123322504096027, 17.724189560799225)
(0.5892147155105802, 0.2584871979317047, 0.7340998989213036, 7.158288438932245)
(0.44410703459880246, 0.556223964520189, 0.7230851721481916, 6.505188463857765)
(0.5072120739533177, 0.5480061687674274, 0.6197838288158841, 17.738993697538433)
(0.5781000065848259, 0.3650614028554748, 0.7496570976688519, 15.064385795595713)
(0.3744890627489883, 0.33940412010327325, 0.6455108448728788, 13.753025398157094)
(0.42360883320837045, 0.47743536959912236, 0.7034047383870801, 8.493727710915323)
(0.3489778153159449, 0.5824791760852057, 1.058806473749585, 15.982661253640739)
(0.4143852117091195, 0.2814509190634773, 1.2289634761457646, 5.463360765633282)
(0.244129877748533, 0.4249146967214753, 0.7799197094879363, 13.297018151779165)
(0.5441042274126093, 0.4952796513631573, 0.5187132772176325, 14.19148197274338)
(0.40575124089064984, 0.2148567498781501, 0.9567466249062953, 11.292280559868255)
(0.23212908504025426, 0.2655881570843486, 0.936948983331835, 15.306565476779245)
(0.39213135487645767, 0.38790493665465575, 0.678610414152776, 18.134779528648856)
(0.21925866213154238, 0.3706804225395524, 0.7620572598118376, 19.859045898983783)
(0.23109006997969797, 0.5092453769751313, 0.7548593047385453, 15.888727826131463)
(0.4402632292245817, 0.5401129443409434, 0.9051444262955178, 15.695018849448997)
(0.20508145517719553, 0.39863682321954746, 0.6498973840414778, 11.996376921055655)
(0.35760096798509483, 0.4841196475959518, 0.9008035903696899, 13.259114463606172)
(0.3940338804958857, 0.21780123336154789, 1.0526492248150152, 19.004519323052016)
(0.5003731333324608, 0.2619192083849245, 1.07673674841425, 12.343200801252497)
(0.5413461838940192, 0.4426626830150484, 1.001434713671371, 8.060611860907331)
(0.50249921475137, 0.348583657345222, 0.7097865943436661, 16.821545048018407)
(0.5351059611532477, 0.4174698629077933, 1.1330682013891828, 12.402056869170725)
(0.41690307282023276, 0.3713637020823345, 0.9802599205932429, 14.550509250627279)
(0.4739034511753493, 0.5434710030611325, 0.7826334188269375, 5.271885284520638)
(0.5454867012267, 0.47337540424223423, 1.1691560191811439, 12.923242638359365)
(0.3894246454965663, 0.5018094970765653, 0.8457539736882987, 17.019881037845316)
(0.3668741446227528, 0.27363897841231233, 0.6216593076228281, 14.597222309825696)
(0.40537513170650497, 0.2699592423370742, 0.573760308405077, 18.68066975857718)
(0.26339490717427994, 0.3010268110028529, 0.8862231179364364, 13.100603382165062)
(0.47355879892634795, 0.37038356836267805, 1.1163154500413712, 7.549017043491224)
(0.5470179528630352, 0.21019356487949717, 0.9130155725382285, 15.664235592761377)
(0.5583553598527002, 0.590646198248804, 1.2019546036618802, 19.26952715411585)
(0.4591171917833901, 0.29187917137248653, 0.5597044056671164, 12.913750855503963)
(0.3539993357169301, 0.3531551718516005, 0.8953529265771943, 12.06498150406232)
(0.5201967330576749, 0.3590041991973971, 0.5852501793792421, 5.683530094697804)
(0.47688776754498935, 0.42366351851751405, 0.6063047385924385, 9.240162643385485)
(0.4583030068587886, 0.5954080546397795, 0.8609875562317559, 13.081576206868048)
(0.504267705703178, 0.21442784615296434, 0.7294635730326148, 9.913088455921406)
(0.39651537678336124, 0.399139818395377, 0.5562144694849959, 5.312926919425422)
(0.4456324707225877, 0.21599629608727156, 0.6693587585188915, 6.199530747306476)
(0.2867557482129751, 0.38615194028534866, 0.6340687708184457, 8.27646181924354)
(0.36896392184689353, 0.578060225866764, 1.030246443955316, 10.462199458109865)
(0.31695235236542924, 0.20433490260555803, 1.1241702969588987, 9.322167626873142)
(0.21189829460649834, 0.21963248252763895, 1.110909156927276, 12.040948633185)
(0.5772061401865529, 0.44465538556854434, 1.1826401304906349, 10.620224013232573)
(0.5968803145911034, 0.22855970643245493, 1.129837733228581, 10.378789608593163)
(0.2850729457462546, 0.5899687566427678, 1.1929776239224252, 7.034802820168892)
(0.24839238634087302, 0.5695338048969673, 0.8467061125093618, 11.604378631464746)
(0.45330456784541706, 0.513873138731548, 0.5960824854071617, 7.016092541779574)
(0.5947495894633013, 0.3583425125354178, 1.2457301784298027, 18.96240584095337)
(0.4361970829193672, 0.5832032902096285, 0.70024699429645, 11.884751302971537)
(0.5316027661672278, 0.21096614446634634, 0.9071548175183611, 5.091540467003688)
(0.20164784787994894, 0.22618551983475546, 0.5677836559776044, 7.215902192127487)
(0.4819797921214512, 0.28456217295644365, 1.035278933605098, 18.160045684300094)
(0.47406550192926294, 0.22959273578243428, 0.5993032146689857, 13.831530791904697)
(0.27845044460083845, 0.2970985341973753, 0.5827919224000735, 8.261696887398656)
(0.4434415333999763, 0.2365289516945601, 1.2179556727739635, 16.481495933070207)
(0.25929663110512613, 0.5204066331696028, 0.5934355457090744, 19.842281254221717)
(0.2379950120488235, 0.27528158857747587, 0.7756098274497155, 12.133880578544591)
(0.22836237121476424, 0.3900441374313298, 0.5132037445699695, 8.034761276026861)
(0.5283402503374528, 0.2760153801481836, 1.0961161686786336, 7.577006870106508)
(0.3340564068557769, 0.5064349669023431, 1.0180908894443577, 14.517952986677377)
(0.5741066020381749, 0.5456486537064756, 1.0772157104787219, 10.572244707697259)
(0.2157033134357921, 0.5541075456093388, 0.6561627799024805, 11.321450992720377)
(0.2567581539612781, 0.5084384106836488, 0.9456008205955092, 18.593028538462725)
(0.2655600550091357, 0.2523182410531674, 1.2111922997261693, 19.17465289858127)
(0.41200831014651706, 0.35024914212785774, 0.866210515599732, 14.49668643367268)
(0.28304214804474, 0.22987234700456013, 0.5955434441533263, 19.94628515939378)
(0.45103634400895004, 0.26815929009765294, 1.0640484639728252, 11.487985396150602)
(0.5199213031276997, 0.4918491176068468, 0.7464544197630552, 5.913033369604607)
(0.5867348513997781, 0.3957261751706425, 0.6774953916843434, 11.690676524122164)
(0.40270256130185655, 0.555160430197958, 0.8091848715777499, 19.821784459221234)
(0.2390887546572514, 0.4423191647593418, 1.0548606753988468, 13.767169815479502)
(0.5278126333435013, 0.3226962240640582, 1.1577161201622581, 19.317777629895104)
(0.3108162670609458, 0.392938992319699, 1.0171283700825287, 5.598339618889556)
(0.40829902548378016, 0.3158820904201702, 1.0874263973355447, 11.511849338041031)
(0.5940393432585734, 0.5148061725566997, 0.6627632249876716, 12.29070501300848)
(0.33317127114379885, 0.38954488258562886, 0.9542716501051429, 16.15170652618903)
(0.5235612088445178, 0.5984616812168791, 0.815287432865692, 7.946864533965467)
(0.4079338754706531, 0.5058986978102399, 1.2168797659812634, 7.642221002633078)
(0.4981663088559755, 0.31930594822899216, 1.1905279753528175, 13.394431210443676)
(0.2638380580142294, 0.2180959940113024, 0.9779207352592441, 9.46689779708729)
(0.2756233844573048, 0.23115173786502252, 0.9485779084381822, 9.003494065315252)
(0.4514941840755395, 0.36606140858557285, 0.8508653809457405, 17.953796481030352)
(0.32382005628002236, 0.5707018964107907, 0.560967316098998, 19.597229980258966)
(0.3924501699440578, 0.24946427114170538, 1.0283518622042842, 5.191273903942015)
(0.46830208139937995, 0.30233549837485924, 1.1405449857418943, 12.636680167570917)
(0.22248905651466894, 0.3213929353914849, 0.8281320440633662, 14.097053815007262)
(0.4709853727945692, 0.4194261747661209, 0.5501511838753309, 18.00311504220697)
(0.5524191001136617, 0.32700718769616544, 0.935035095856321, 19.45754634683435)
(0.492978233379184, 0.5379169130986594, 1.131310111545405, 10.324549181318583)
(0.34235241867570393, 0.27283326063694835, 1.2062588502563885, 19.390878061821283)
(0.48381399434720423, 0.42823981950190193, 1.0576010854314903, 9.542191415830771)
(0.25160455844059215, 0.27127267685251844, 0.5804437890254514, 10.197968610544791)
(0.4699388491511494, 0.5700317336566906, 0.8837439596994637, 8.749248399654546)
(0.5194630385292758, 0.46448221718780164, 0.819032968441259, 9.188737421228826)
(0.3628825458464551, 0.34831521815556776, 0.9748071625129302, 9.133430155956194)
(0.44894439454029433, 0.2371990764909653, 1.2485049736261915, 16.020786554210538)
(0.5975751747573839, 0.4246166951833854, 1.1591532274571135, 12.587715099347635)
(0.40334708687478793, 0.39704282904337185, 0.6245586106623837, 12.630212652580878)
(0.5221095279486464, 0.37461556022793807, 0.922505036524153, 16.93100456964926)
(0.37181088641089644, 0.47161997556215024, 0.6294929647679338, 6.37734146748126)
(0.23732876237564807, 0.4004615969754768, 0.608719809695045, 8.89325550967366)
(0.3224430049241251, 0.35130015255243086, 0.7077561442126268, 7.137028792826041)
(0.5105360017124796, 0.5886790078875448, 1.1555393483002505, 15.614504967671653)
(0.22090459571492535, 0.40303874391835237, 0.7320786358024527, 18.234203261974677)
(0.21739642633929945, 0.3428371654692362, 0.5656855242590542, 10.33029392302785)
(0.34546305502667995, 0.3446367373327076, 0.7014199624188249, 17.838112894725317)
(0.43676331052837636, 0.4325330040307413, 0.6877583616962427, 18.52005635428685)
(0.2543920934218629, 0.4662693812629313, 0.6236016426145556, 16.448327728661837)
(0.3320557478394416, 0.22070132784910956, 0.765749113130864, 18.648059557948123)
(0.5982899389897594, 0.4367445382015066, 0.8230373594250506, 19.299878951789758)
(0.5652358692359258, 0.5075189910368303, 1.056093440723787, 18.354479133481348)
(0.25281883101260577, 0.5357559758068451, 0.7615586698017295, 5.230617827646291)
(0.5154718035353287, 0.4592095486437233, 0.6054502428986273, 9.144718584188585)
(0.37799070896706133, 0.45743997542154613, 0.6298436692900081, 13.405846588333501)
(0.2734224228454416, 0.2256256250002257, 1.2403595117178896, 16.230166764892658)
(0.39778218063918347, 0.218604070297563, 0.5722758481249138, 19.12498833099562)
(0.41110231799969366, 0.5928349312658978, 0.8525570941253762, 7.40235015671357)
(0.4504087182276942, 0.5941020033896881, 0.9276764995785785, 15.62356114862056)
(0.25900775694762307, 0.5646174191221942, 1.1763198302928883, 9.595327712084611)
(0.40748427194555903, 0.43709687663611907, 0.793560528969428, 7.993850264176624)
(0.34471245735648215, 0.3616735775932989, 1.1473545725605292, 6.647484507204833)
(0.25719699718688, 0.5674655480125883, 1.0529018668732393, 8.497412392006485)
(0.22154466837195358, 0.2332902656395268, 1.223663221874518, 14.219149061147652)
(0.22920055619399524, 0.4687229636707076, 0.7458845273130668, 16.273657995011796)
(0.540152132589612, 0.5916268396870347, 0.5615143841408502, 5.268955390451129)
(0.3991448009930608, 0.3176837048104416, 0.9895470258857969, 14.781727264107404)
(0.20253461869710837, 0.23155526207904775, 0.9658756030363069, 12.572354654299879)
(0.25063060184212815, 0.41177912602857625, 0.6916244253881898, 19.659707556265772)
(0.4201389253060523, 0.34960318319778877, 0.9320004335680818, 6.807253108960465)
(0.24276192036521566, 0.24770886268041253, 0.5442675019413376, 13.170225104185565)
(0.24861551644566499, 0.2318300892300738, 0.9739614356340822, 8.91991603353165)
(0.4102586649219726, 0.2572850144501474, 1.1623759099435385, 18.382681538201034)
(0.36103333360078405, 0.4094713817271036, 0.7776883844152498, 16.237979158492358)
(0.5450034970214435, 0.44604278759218546, 1.222892068477941, 8.421813968305116)
(0.5215615619068112, 0.29033858979117816, 0.7478496199900445, 9.798987222797189)
(0.47597887715943993, 0.4659997925023337, 0.5266727625052293, 13.913380641780618)
(0.525586064659888, 0.4589390969574137, 0.7221326545119379, 5.987479987271332)
(0.28874125450607147, 0.3272556796105518, 0.6778826565425374, 5.081915873506037)
(0.3060723200482824, 0.5843628975690303, 0.9399541388615459, 18.668933036658405)
(0.3134970192162704, 0.2628990684342266, 0.824371866046707, 12.023746010180776)
(0.2994141281448571, 0.28545283826391127, 0.5178356080876411, 8.251874309878474)
(0.5092994036757714, 0.3803524358607864, 1.0924355132374166, 12.662355629524669)
(0.5603298613954184, 0.45487075695087725, 0.9384511200323944, 8.045144173139592)
(0.5575451154968838, 0.36813858406972255, 0.642913452869599, 14.984106227349542)
(0.5908499663203783, 0.21200976174166866, 0.7558453557809194, 15.497115489814473)
(0.38911168083151637, 0.5245375704483619, 1.1440331873137712, 19.673979123038293)
(0.3613734317396762, 0.5733796364926038, 0.5833785898063709, 8.97934200842386)
(0.46238936889400106, 0.5831802163451416, 0.9967988311606579, 14.232707118865665)
(0.41069592613786277, 0.44743253756507406, 0.9141815672609503, 18.75760082773013)
(0.44657551077284396, 0.5398458522076571, 0.6797969774288787, 7.4521712229384605)
(0.5394741001525742, 0.4509743619451811, 1.0484925107131178, 15.13900881183621)
(0.5695995730139909, 0.4535150891444637, 0.5765791163767109, 15.955305638551572)
(0.2743312158592252, 0.4176438944152705, 1.1678975330447845, 10.99285862364982)
(0.40122578322246294, 0.44717620532312663, 1.0968386162940285, 15.116213430122679)
(0.5731218053961672, 0.20172818919631644, 0.5538394307829975, 11.268512645441017)
(0.5459172059361437, 0.40223090638629116, 0.9213678962756202, 11.92797961962615)
(0.4764558872455124, 0.22707184111856107, 0.7794794309851113, 13.684170943857483)
(0.3126570521505992, 0.46909407712907136, 0.9315421361994937, 9.106919145534913)
(0.4340446538187749, 0.5196281333516322, 0.8021751267071174, 17.253388955655673)
(0.3139538694247556, 0.5345521722974758, 1.1659085232768427, 8.077214265231046)
(0.27009829139402486, 0.3536720764567048, 0.8356054546048355, 17.15004984182721)
(0.40398232995882233, 0.34943949401432556, 0.9917570474982967, 13.205770317519312)
(0.22576925561660097, 0.5764775236138221, 1.0376222441047562, 12.800320487841493)
(0.5206005441812495, 0.5262025311694918, 1.1150218364535907, 13.319289014581743)
(0.567840989990178, 0.24416609891887803, 0.5411539605420892, 10.845183715603822)
(0.25592271667102195, 0.5419586866083572, 0.5871003915452517, 19.046160032508087)
(0.36465653088338884, 0.5746365322490533, 1.0711763607472347, 15.910502762267829)
(0.5036292922434045, 0.3784268881521372, 0.569456381015352, 5.385061063106034)
(0.4958195813999259, 0.5837728263078286, 1.0006536365664127, 19.76511869885275)
(0.38537824039064805, 0.2686717137813224, 0.7772407018956781, 8.294321108186605)
(0.32356214409270023, 0.5879335749470345, 0.750707664648391, 13.049163549327169)
(0.581114184410976, 0.4869749310357701, 0.548183345343145, 7.59113866456482)
(0.5308692840472304, 0.46522899805615, 0.8063019541031946, 12.864965785115126)
(0.5419789696038708, 0.36402179204359125, 0.6707056364493013, 15.42614149399182)
(0.5297684089900998, 0.3671981524804626, 0.9927210935005074, 7.629793717914952)
(0.34057493279446727, 0.44038938702511754, 0.9876924050290832, 8.782217819943963)
(0.5150014330070243, 0.48381369702385707, 1.210245895168374, 6.278200254312596)
(0.5962677135733015, 0.596848494552087, 0.8102202045593315, 9.80652383134054)
(0.5126918632847203, 0.35113576467496604, 0.7146688190724639, 5.922551142817306)
(0.37098540483049913, 0.5576138336186073, 0.7700273150658334, 17.137165368174465)
(0.265924956282894, 0.5001622909222794, 1.2305913894315084, 14.474383040953267)
(0.35875955753362576, 0.45047561483910403, 1.0688886773364783, 8.231534109794612)
(0.5712071422814728, 0.3821571154278024, 1.0321812654607503, 12.014450234482291)
(0.5702329522829384, 0.4783526403667285, 0.7086539370811868, 11.422434247127196)
(0.2842862411461706, 0.412678481352636, 0.6598442493077489, 16.66964044466708)
(0.33059181702249313, 0.30021452971412743, 0.7177324049228162, 13.892549124497759)
(0.37053266770368193, 0.25544930639685004, 0.8842859639163727, 14.659398574851908)
(0.5438153091211262, 0.31419109964240705, 0.6655892551978588, 12.782905645187313)
(0.29152461027879506, 0.41426234356877467, 0.8824273923880213, 14.270790203064056)
(0.4714380023754017, 0.5224764121589973, 0.5367691871576683, 5.163788970799959)
(0.35693933221282603, 0.5936514363653035, 0.6210243241745249, 18.838564608179638)
(0.5662275694569447, 0.27798564044559704, 0.7965990494365331, 19.790096855048198)
(0.35281651698961125, 0.29758384030846313, 1.145970652247278, 12.075473526999545)
(0.23403880433863755, 0.30878195410171627, 0.9087980944234917, 7.912437863843184)
(0.5543529982470989, 0.4187760702650731, 1.0821239692517548, 6.227663634935381)
(0.31898604073880965, 0.4672337020568485, 1.205324413914838, 17.909041500477908)
(0.2662219935780584, 0.45277475313171844, 1.1562734357589788, 5.370340187223784)
(0.5591242546033308, 0.37228558107926385, 1.1765267201038314, 10.758585709197678)
(0.5080530787837996, 0.4745168624422394, 1.2253774856156308, 6.110361536894482)
(0.48486313813779325, 0.5948226470594888, 1.195154798557407, 16.283063171522496)
(0.5709817297223676, 0.560582601761968, 1.2103258088177595, 8.000422942720299)
(0.22851806467078273, 0.4134068246442113, 0.8409076971065736, 7.724204878141652)
(0.5814553603881709, 0.5726433972633262, 0.6446826850735616, 10.308838458721093)
(0.2904880520624511, 0.3442215708428319, 0.8668019866335915, 6.250816684871091)
(0.2667859296071262, 0.21193699066347302, 1.1605956351552402, 17.780363959634155)
(0.35031251830953936, 0.5849936977294847, 1.0047978673012699, 16.505342109051284)
(0.5507054558258466, 0.3719803529425, 0.5111347986255966, 15.544050072819461)
(0.5795219503035631, 0.2801725721141185, 1.0730656634027782, 17.771941716744585)
(0.46254960417732033, 0.4067192530993562, 1.1481495622844946, 17.110733166372416)
(0.3768543452683229, 0.3276204627571977, 0.8987390744181826, 7.698641314121968)
(0.5479096284168332, 0.2734248633737297, 0.5202907297611317, 11.0543253526644)
(0.2608916907145339, 0.4981838093231317, 0.8546128934221767, 8.9551889882157)
(0.28533872324599086, 0.495730858642126, 1.0126739301898933, 5.701570315960068)
(0.35091123728819495, 0.4523324507833549, 0.5232974977311011, 17.312181446314455)
(0.304357075054867, 0.5994009409190538, 0.5191103378014177, 17.217377106278327)
(0.22662533300426446, 0.5464020740428681, 0.853635289540497, 7.557830801288903)
(0.49623129357491413, 0.23597326969811944, 0.7328052825266378, 16.381580483416652)
(0.2989449564079084, 0.46797966661522056, 0.7550139596740603, 12.37296492381481)
(0.3296412978513637, 0.3926097755307068, 1.2417047518860693, 6.3526667968085935)
(0.4821407265081331, 0.5880872971809704, 0.9931788726023684, 12.685430948836302)
(0.41165750839848136, 0.21374757382285126, 1.187489244773873, 15.850062056084507)
(0.38013125832455436, 0.5584157652149973, 0.7637218157588438, 13.513623773487287)
(0.4044751508155252, 0.5253976950741028, 0.5579475701801632, 17.488104358033198)
(0.4407138019432749, 0.5741019184628875, 0.8141516336231115, 8.56702124504703)
(0.3557492700068863, 0.3073010920799232, 0.5315789840848492, 7.290911202538762)
(0.3355557102965598, 0.25401758133619096, 0.8088841826839834, 9.257034995266181)
(0.5530834682185766, 0.4053882434583895, 0.8900878808254745, 16.958591809659055)
(0.5737167369784629, 0.48592992777285754, 0.8559817380263556, 19.7378239261087)
(0.3087410296186058, 0.4618906281191493, 0.7502687500970353, 18.618090857025066)
(0.4937799041232367, 0.26691798872139033, 1.1449475512763923, 13.452783153473554)
(0.33608711552189285, 0.5653008039484191, 1.1428886951778359, 14.698276390502441)
(0.42047177716694406, 0.5183036987715143, 1.161229392078937, 11.777354666353734)
(0.2394130061842286, 0.4270431759910338, 1.0728193046626893, 13.71872328936154)
(0.5646744612911554, 0.4498908782679416, 1.180151832251862, 13.993417674472969)
(0.38587881414846503, 0.22305229086346362, 1.0105730020530346, 15.7585526676527)
(0.4300279986610581, 0.5306008272588845, 0.9517677511824943, 8.4519924158509)
(0.5340004681450665, 0.31175459340610806, 0.9283326654000952, 9.516370876301666)
(0.32408341940487695, 0.34701562744357073, 0.8344391344996821, 16.7747629166684)
(0.5258091197466868, 0.33140227418658613, 0.7021944782091027, 6.65647748973063)
(0.3665791349186782, 0.2704653547835869, 1.1914185071725534, 18.376622335008417)
(0.4000827980084162, 0.28406086525311053, 0.5210038818397843, 16.971906319754194)
(0.28204404039717107, 0.568674260822948, 0.849948753774493, 5.025978723427691)
(0.24775748024072292, 0.3112244778583172, 1.0869915193351163, 8.57664497327178)
(0.5118814801478186, 0.24393208001049094, 1.177853610852636, 6.469130819831928)
(0.5628202825907962, 0.30183884815659695, 0.7213744093309984, 9.729780057909654)
(0.48072323153543556, 0.3939298151013684, 0.9741410088488671, 5.851029324340707)
(0.4188346859265192, 0.44874397783812414, 1.186491718539159, 16.672782891859534)
(0.28070589744463376, 0.47948951705461734, 0.5982766108353956, 11.386031035919807)
(0.44302801718004, 0.23862699376270305, 0.6318102239375527, 18.773363133703445)
(0.43249126026270834, 0.5070486727943104, 1.0056236556566893, 9.436803875984015)
(0.35079827768973293, 0.5497715330551778, 0.6252544416706607, 11.719420335352597)
(0.24751680077051663, 0.20539243414300518, 1.2441425444476664, 8.808664369923875)
(0.29264190613849644, 0.26930116967974804, 0.5379713425936952, 16.607167453692867)
(0.23192180166904136, 0.224635980485234, 0.8768904371938956, 10.01207278373276)
(0.4329430990325728, 0.2913238392181938, 0.911762759621348, 7.303822348395485)
(0.26223865823870035, 0.5160306612129096, 0.7360655933097462, 6.129052771305457)
(0.46409817074471277, 0.5603608848010218, 1.20839882644573, 17.011991562930177)
(0.364325849890879, 0.23501446875581486, 1.069782927719369, 10.883059093285613)
(0.5880369580434437, 0.4828789117578846, 0.5313004768455337, 19.425887984094672)
(0.331498108659953, 0.46674598476157747, 0.8570421512239221, 9.613969283027643)
(0.4131101242101817, 0.5048613315797967, 0.6152006035230067, 13.564473247833353)
(0.26433522337190013, 0.4769442998638575, 1.178162821044371, 7.336835984172669)
(0.3844330417642935, 0.4568596011519791, 0.6448637144344542, 8.401585082798011)
(0.5411797856045399, 0.334053030584207, 0.647520649828446, 18.175716254282396)
(0.5356960132465196, 0.29354868269659556, 0.9719143712341107, 8.300922328115584)
(0.3945086500137014, 0.3234235109006078, 0.6620924913959362, 12.897088135548909)
(0.42290209162887327, 0.32927179762245656, 0.9629379853537258, 14.085682176859276)
(0.36275286243963767, 0.3319046645882552, 1.0208728437972647, 14.772420846165604)
(0.4029669422602742, 0.22504195926498086, 0.7439098314639125, 12.141302693744791)
(0.36870130997860817, 0.5249053907129192, 0.6074915211105912, 10.87215364251081)
(0.24072458790645035, 0.40248190709656695, 1.1255295302857784, 13.569172455016496)
(0.5840328560013497, 0.2664063258940208, 0.7929859619943206, 13.060426646706105)
(0.42181042690494475, 0.5420053485012547, 1.1884296441319941, 8.773814376285541)
(0.2676497843821891, 0.4258863794757894, 0.6171591553620208, 15.164258252558296)
(0.5328080085840439, 0.32444658806543053, 0.541774009731753, 5.168447103296932)
(0.48986525738246667, 0.2597574548639138, 0.937506139423705, 13.807556068863715)
(0.5231902196636472, 0.3355119368435391, 0.5354660616420586, 7.076547151445457)
(0.3818017579687195, 0.3363779160173168, 0.5004887930874039, 6.922023496521341)
(0.5691876428651856, 0.563041425505854, 0.5810411387842469, 10.264236788981826)
(0.45290011769958216, 0.5214969549535271, 1.1361000433758845, 5.558808980315609)
(0.5140457179316567, 0.5639136300838274, 1.217351530433886, 14.828310950846376)
(0.441101720102802, 0.5755077014778931, 0.5892296133998768, 14.990622270590368)
(0.3605159932479781, 0.4205457758583959, 0.7446920039579787, 14.727025806219567)
(0.46500954647156384, 0.3186201871035506, 0.6487696705909223, 10.831976975369113)
(0.4312447765219941, 0.4736752990515123, 0.916737827291411, 17.321320860547814)
(0.29194358908002, 0.31041106150082654, 0.7895728304842773, 6.336171537402512)
(0.5382671347809186, 0.2703323461170469, 1.1500911708774002, 15.108649979134322)
(0.5179519557479595, 0.24717147818632607, 1.1735076326980964, 8.448889134749464)
(0.5463469831676193, 0.49886909816176367, 0.5730648198374428, 6.26338374193146)
(0.5985476351968909, 0.30924712997186843, 1.0755211493541763, 6.5371681236064525)
(0.48531490012249545, 0.28862104289928314, 1.0337404521328215, 8.832985213213247)
(0.28193211435796056, 0.21288137130807894, 0.549304472163998, 9.452697026804945)
(0.3103014591032867, 0.2744631719392911, 0.5155023490283017, 19.13470925195741)
(0.4576574361477377, 0.27676890213323, 0.5774262316961165, 10.980385018004315)
(0.47791335105432636, 0.2021244394190188, 0.7003176525329501, 18.075574711869315)
(0.20377246647784628, 0.3558840663544602, 0.8400842858107052, 18.715672069540183)
(0.4501558658444839, 0.5661505814521428, 1.004648690155837, 7.7945968929562)
(0.27493009985744793, 0.42332696475111325, 0.816444447085446, 14.608297417363787)
(0.5618363859471818, 0.24516531540654274, 0.7863332240540775, 6.733385560523029)
(0.5997028374760567, 0.2807051751692061, 0.7648776875674064, 13.436813025713908)
(0.23369583132592617, 0.3338109776066652, 0.5243756043309333, 17.200704209159305)
(0.28802881175673367, 0.36260327496743483, 0.9196035068464188, 14.665970045547086)
(0.4825049939450809, 0.3243712598658055, 0.8761132344211086, 7.46777612616191)
(0.226031326006305, 0.3418025973678255, 0.6368987595989792, 14.615567000171978)
(0.36981976941455963, 0.4051276462278712, 0.5043373129078956, 18.018572186924946)
(0.4135997727482964, 0.4390272217355998, 0.9501730680640262, 16.343998003358003)
(0.30278714036487886, 0.2893720068385624, 1.20788428765594, 8.36088385572853)
(0.21233305400014235, 0.207349344312921, 0.895005321228377, 15.175376580110534)
(0.5166350965614144, 0.5768961427790774, 0.7720769906560041, 18.981413122206284)
(0.40499991614027464, 0.32049756274091484, 1.0513627023564491, 9.155017570835678)
(0.4255104217337624, 0.2602852430345746, 0.5455621751849511, 16.216056930017604)
(0.29496702210338427, 0.5728025909907417, 0.6837572914346804, 9.387098401529565)
(0.23494438911589413, 0.2556560117825194, 0.9440502999061599, 11.176942090590057)
(0.366188583308423, 0.44886686517813545, 1.058522598442524, 13.198402864362794)
(0.47520575155939515, 0.27160598132131164, 0.9493204198919261, 6.593023274827579)
(0.26149234779971087, 0.5130716599703731, 0.9825895378690963, 8.59158833938157)
(0.4869977988722572, 0.35494533188803346, 0.8124437577330252, 16.71876238764027)
(0.5834665800294087, 0.4410677292012214, 1.1824045805285812, 10.142169316849566)
(0.28085979164843144, 0.42942148706456784, 1.1125790991600855, 10.658609883499665)
(0.5405784075496732, 0.5891915375954306, 0.9437627289069974, 5.04234497883318)
(0.20213765085560687, 0.4974899875837479, 0.9687012899155926, 9.049175975162036)
(0.5685673090808165, 0.5447913106177183, 0.9988634059151479, 16.05266904321114)
(0.5325573734659218, 0.4166221247887957, 1.0396678613590762, 16.5939230428646)
(0.24007889909991512, 0.4072427790060986, 0.5442417374994618, 10.082320937364543)
(0.29363843832448183, 0.23618020255487998, 0.6281374703163138, 11.626958143210862)
(0.39533600550230513, 0.5157100732711013, 1.0268004298935651, 19.10070277430131)
(0.27100237455853526, 0.514279891235143, 0.9578920753175182, 15.089605005595002)
(0.5427102336429301, 0.5275816147002639, 1.227985840629826, 9.354328859784355)
(0.4607926248788499, 0.5750243285947176, 0.6810169929489126, 14.245843938362386)
(0.4320893406256445, 0.3796757921137361, 1.0859662206343104, 17.68845803455783)
(0.5770099910223982, 0.475358637617005, 0.959565825470893, 19.0693617227353)
(0.42991056387164955, 0.5030180422393069, 1.125189552260709, 5.147349995280092)
(0.5300702337829266, 0.3824297253325053, 0.6190989887607105, 10.626056406266493)
(0.3763928556163299, 0.4100300150109172, 0.8247860534074394, 18.03481922205476)
(0.2236947922812893, 0.25241191937097207, 0.7955705733358867, 13.895439347582059)
(0.272179870597721, 0.4543687375440458, 0.7483626581016463, 6.955792576162865)
(0.5989541053023246, 0.27223309855605654, 0.8393211185176092, 5.417696303313709)
(0.33850409198937353, 0.2211699930770594, 0.6659526644247171, 5.512265323660627)
(0.3334110125289742, 0.3457960678535772, 1.2070158392953085, 11.330458121244115)
(0.3581067502101762, 0.41065240457867985, 1.2296188944603252, 15.946706306116969)
(0.581814431085556, 0.37562297263987426, 0.5571993902406793, 11.461771343777311)
(0.23845617554663245, 0.26784871979079616, 0.5301112083629356, 7.396374506030283)
(0.3253525357552255, 0.45642933180476747, 0.9483065794931391, 5.784606101141212)
(0.30360507495201716, 0.5431397606851027, 0.9311836982819746, 6.8948870721133275)
(0.5134641056209004, 0.38557150220905334, 1.0703935207865873, 11.003693439805343)
(0.33508595103983396, 0.26506598124899794, 1.1931157254495148, 8.847198921316078)
(0.2956629072124774, 0.43342144420314255, 0.5247852686288299, 13.795238081154233)
(0.5919536404538723, 0.2304459628047093, 1.1303830511068769, 7.2328754154804065)
(0.5551389239464635, 0.5945249864259561, 0.9574644706199529, 6.990701093526293)
(0.2767440849638121, 0.541423569028153, 0.9834392346710042, 16.52717185347967)
(0.424688145468359, 0.4743871825642487, 0.8632892104200987, 18.539394229956766)
(0.445339466000504, 0.42035653321167826, 0.5232396669835294, 12.361275586281721)
(0.45981738107080233, 0.4874423712103326, 0.8053922730835449, 14.399332435337108)
(0.4397878235281588, 0.5369625937630231, 0.9477336264562657, 19.617272999347307)
(0.35466206749624046, 0.4042314879489267, 0.5846747844511285, 14.153257691515272)
(0.4964230382996766, 0.3435910924717481, 1.0290489704278913, 12.998542338990674)
(0.26268607696454005, 0.2620849777660547, 0.7402757337119252, 17.796062560515935)
(0.2028075980754585, 0.4887830615544005, 1.1146662966792298, 7.766795183186327)
(0.47874130270671694, 0.494265485667829, 1.0362592644141828, 8.389756543154864)
(0.35981899682739027, 0.3596629381513127, 0.7075070740529605, 8.142803022458672)
(0.3364087817016848, 0.2546100492654097, 0.7669018090158901, 16.339224177625006)
(0.321621833371024, 0.22349367623469, 1.1888719520700766, 15.55863947350865)
(0.3426305379517798, 0.25642795779229993, 1.1026231902547767, 13.640432972722966)
(0.31789646574510505, 0.29619818190411845, 0.7408553519061429, 11.158276214681695)
(0.4586882050505719, 0.3100578098546328, 1.0982075828983455, 14.937039150634096)
(0.28000938917343393, 0.5315254066820976, 0.8492739495224598, 7.324533955998953)
(0.393443264916036, 0.45031992662776604, 0.698239973798444, 19.757280178118513)
(0.4273300748990376, 0.49869460982872427, 0.640733586624409, 11.834767090219305)
(0.3293132992999346, 0.5978133962947446, 1.1199790258258604, 12.532210659214408)
(0.24337121974974352, 0.3563144676714888, 0.7738249315413923, 14.639860245559495)
(0.5719844082489851, 0.3330021599104102, 1.0264070464591692, 19.351423003344266)
(0.22410115565092503, 0.5671476992746495, 0.8481447918317344, 18.140946390678035)
(0.2889573871598368, 0.2661158563231909, 0.7829648100425695, 6.605107880640944)
(0.4282633846951193, 0.24033485737950294, 0.8348606245738143, 7.002001252852525)
(0.36752883500468153, 0.5221547562324023, 1.0114894064498925, 13.461084973963187)
(0.5378941702888715, 0.517584175916644, 0.7736688129188938, 15.301396265775805)
(0.2410904375325576, 0.5643868760002009, 1.0420404838908548, 18.197105873952598)
(0.2450485516290262, 0.5870459329050577, 0.6594957441945478, 5.730081141747039)
(0.5887641074889034, 0.5135899180211495, 0.5275984142748826, 6.1436502585887505)
(0.4832036760937795, 0.34242858952997707, 0.6556218354833467, 7.482022642163331)
(0.31987416737238566, 0.29409042422454496, 1.1504264324840505, 14.707335914636264)
(0.4176417981691213, 0.39502626030070986, 1.0184248433239196, 7.777904019068062)
(0.4862766161510009, 0.29882830310239755, 1.1374292438730202, 18.56008596231255)
(0.4096919637127365, 0.41396269163787025, 0.5137578277639212, 18.859487308836076)
(0.21369192522022235, 0.22648031083133638, 0.6067981923101814, 19.567147094121253)
(0.42156084668791405, 0.47308963046318364, 0.9249393668588055, 15.25936313070758)
(0.22222071356497153, 0.40109391461755495, 0.7944554487409237, 5.353623460520115)
(0.23644823530660494, 0.5738918636117889, 0.9448296926534627, 9.268610435527808)
(0.38666887691172236, 0.5865989951802659, 0.5101866925352279, 16.92113941530417)
(0.47739892827008157, 0.5635392793067684, 1.0989860525427328, 6.176513146709389)
(0.32583463670224405, 0.4372704350555796, 1.0030574586788488, 13.775453426317535)
(0.27888611119165946, 0.39641296278960103, 0.7431213975838773, 5.402868441112226)
(0.26058941596374596, 0.2795320085915217, 0.7206363294855296, 6.941237567762251)
(0.25389462027425724, 0.5440281604111972, 0.5666636104600143, 8.621542063947931)
(0.2929115837781333, 0.25317646058506704, 0.6398016079750953, 15.442761481768054)
(0.5671729890742327, 0.5581951028115573, 0.7713060821163884, 15.730056133226945)
(0.24595252905316847, 0.23962517942773182, 0.527828953563714, 12.287210383701865)
(0.28387069364625395, 0.3257649460101388, 0.9292114532475243, 19.963360159772595)
(0.49753748347121557, 0.39155833940247886, 1.2357501759973142, 17.41316971817835)
(0.3028509873003406, 0.48900704959814834, 0.6463082317710905, 9.858683609258428)
(0.41755439232346614, 0.4380281471249103, 1.2380393802162164, 15.780279238288019)
(0.37545793404520245, 0.2142190199060661, 0.8199378787399495, 7.052149321760606)
(0.5664406498464243, 0.34029867695971777, 0.7747210456928918, 16.623992664833978)
(0.5087844994673887, 0.5657385078109691, 0.63249573810682, 11.0801681091092)
(0.3495623915191325, 0.4096200594480336, 0.6306886141498302, 11.136855991504614)
(0.48914541177838217, 0.25187193561244287, 0.5432237418768453, 15.236942410275097)
(0.282681252605797, 0.20877574770312424, 0.8979733412144468, 17.43118176028059)
(0.21064563148341472, 0.354321216182952, 0.9670535777190765, 7.4205957148935155)
(0.39624473846616876, 0.33866184664273224, 0.8963495707754583, 14.52842209188734)
(0.4294484528174608, 0.33336499220297766, 0.7415253480309738, 9.567170298288229)
(0.5484360809693929, 0.4576825309502975, 0.8569559609887624, 14.968563516927961)
(0.36572067263685254, 0.4272053152350207, 0.9526562177816289, 7.608608218188099)
(0.48777519633011485, 0.5259493744831504, 0.9606863603297905, 9.642384845038073)
(0.23531062745264908, 0.5512522552692486, 1.108528288987128, 10.420813410061204)
(0.48129817188182417, 0.41286301799941894, 0.6935982096602923, 6.0194535470647565)
(0.4085775238812809, 0.28111349227608096, 0.7116047405819137, 10.85527403472195)
(0.265031911008387, 0.23952475830875147, 1.0809957322805601, 10.269443334581897)
(0.35191825618191536, 0.2883625668218647, 0.5458339784313293, 18.293536844756296)
(0.25272008202773677, 0.529883075382628, 1.214770947367152, 13.584377232698612)
(0.43535579119831447, 0.5014769486058304, 0.7367756561418751, 17.599407145719645)
(0.23130860725323923, 0.36318272990997724, 0.733996356996667, 9.624057573682085)
(0.5352204504971403, 0.5192973987809091, 1.2436462698570316, 16.257709321256588)
(0.2846255454309404, 0.39827014253315585, 0.6931087143393606, 7.063532735642883)
(0.42216073284798367, 0.4556407519677995, 1.1525037429370073, 15.528818850651756)
(0.3410461266109355, 0.33792771752169326, 0.7397359096445559, 8.655687904721773)
(0.2415301851473493, 0.2688943695786315, 1.116877783442878, 9.39621131626674)
(0.25558696302270123, 0.3131732087947472, 0.6039475448128022, 19.218795840193938)
(0.3882949081614341, 0.48800558810276934, 1.2145932802943866, 5.672028233878819)
(0.33457054373248174, 0.25820080068368273, 0.9060646712770979, 16.63434897082687)
(0.5160692950560419, 0.28314456777942304, 0.6534287055156189, 18.27965357227334)
(0.2760527054238868, 0.42105217135745726, 1.2353241908006796, 8.358962900824892)
(0.21993187236475528, 0.5043723447350135, 0.6974540893310012, 13.710679100469168)
(0.5597105018839232, 0.24357344068838271, 0.9253530891496937, 15.007467047028333)
(0.5659644285027798, 0.45199049739741715, 0.5607077833902635, 17.707195547402797)
(0.23270611860437926, 0.5533806906728567, 0.550680316847615, 12.788067117106571)
(0.5370044406794117, 0.5045997356637355, 0.7152581810453751, 14.042748056648762)
(0.5952677184245017, 0.45557930010175846, 1.1858917634228203, 17.496704977641006)
(0.46013391441375834, 0.5201259141522536, 0.6730525120383076, 15.898721378129578)
(0.46145336757460037, 0.4609914227159368, 0.9346533290523923, 12.990096524721846)
(0.20467780775505154, 0.5190996588433379, 0.8424762145648363, 12.512750877830989)
(0.24165115827919859, 0.24895915224326665, 0.8741496601808045, 6.864592109986865)
(0.29686093341280084, 0.23550498573117912, 0.9866370495542471, 13.639870741142992)
(0.4923810998644574, 0.5708950994606785, 0.8600096102509688, 10.714326795162854)
(0.463700771616368, 0.5479712551336636, 0.9960559003813223, 11.468658870763576)
(0.4554563182410929, 0.33119562611155573, 0.6023036079859059, 10.8051313305779)
(0.5682969530308646, 0.4347242034891251, 1.1734070555804348, 9.716671165701499)
(0.4389614219602559, 0.3836830916651318, 0.7386851950447846, 13.356611877578073)
(0.43327769092066304, 0.4751010931667682, 1.0635830919463432, 17.175538820613596)
(0.5250680858481793, 0.316027222252308, 1.0972385780711997, 8.210381143801234)
(0.4346332349853125, 0.5997850249706584, 0.7283846634350627, 15.753390694137144)
(0.28150531920218935, 0.35938894545575817, 1.1666994692711503, 6.051028071060367)
(0.5291504625272225, 0.48352080770143324, 1.0904260090820461, 12.61854598187316)
(0.4372398887601538, 0.37410971961171097, 1.0406985343571684, 15.069622294080716)
(0.2693473485831315, 0.578497060226904, 0.800878851610633, 13.179224741552401)
(0.44936552948189157, 0.5154710146725673, 1.1789770447536276, 8.540645426230538)
(0.28976499128778843, 0.5393342620526262, 1.0666721539683501, 18.863658187853854)
(0.33000093304306455, 0.3851358442703729, 0.9888481960403722, 15.461908433620035)
(0.38420744984109534, 0.3637713720861973, 0.6927131944642068, 11.023935853155043)
(0.40416680869517374, 0.31656592345947804, 0.7672569995286738, 6.9691967595649595)
(0.35534338111866365, 0.4900839027378442, 1.2210314295239866, 14.44193738506194)
(0.4941575214284449, 0.45635952265329865, 0.8117951325944559, 10.557089003290127)
(0.5788508051138392, 0.5973283793774848, 0.7924321939411461, 16.691115875743336)
(0.5699113048049451, 0.42250639337608453, 0.9621294193606185, 10.34609815591115)
(0.5273634549560993, 0.29786456342271567, 0.9984153124841291, 19.40203837469277)
(0.44451067186761317, 0.5177920985361216, 0.7592238257103137, 19.53424430392567)
(0.2675427970394695, 0.24232278992418427, 0.845469962342556, 12.260837845293857)
(0.3885979386420565, 0.35710606393469635, 0.9139206873969038, 19.904925417130954)
(0.28607370774577956, 0.4338466628826358, 0.8646706206454832, 8.182959425358098)
(0.25835567169212054, 0.2965565360989493, 1.2462806779524715, 8.908967928876447)
(0.4351796223643988, 0.4620306789238969, 0.5285872502888207, 13.137167878291864)
(0.46937909875186234, 0.25631530355888954, 0.8263854119333415, 9.672520999424119)
(0.302386448881943, 0.4037267940174204, 0.7122871277976479, 17.227562742644814)
(0.47908912074391574, 0.41557866996602666, 1.1375447364405962, 18.335944059126803)
(0.34818703387211486, 0.3065430730353314, 0.8176530499544669, 18.82370351949352)
(0.21275222062562854, 0.5339612988406556, 1.1005754508899928, 12.427450388803901)
(0.22034166707970573, 0.3391093205392341, 0.7598385394555083, 16.846773031728826)
(0.37273471732611285, 0.4725746735033208, 0.8477239300467525, 14.815607610712393)
(0.4124351178638365, 0.263939602747426, 0.5548149247551402, 17.46646265048866)
(0.43046836496666563, 0.3777474856330776, 0.5257848900069009, 17.845411810100956)
(0.5925238017795129, 0.32679340711976157, 1.0475314305656296, 12.551215943578017)
(0.27768741366423905, 0.40864908726437543, 0.6184907020895631, 12.162353980101852)
(0.21099712395227363, 0.37622520428467543, 1.1552452122093784, 10.036252608682855)
(0.21618898205020115, 0.3698498887441226, 0.7100225510877126, 9.302406090383496)
(0.23347213377294918, 0.44788241581163013, 0.661592518117823, 15.282510796145388)
(0.3229425038138303, 0.5500199992917703, 0.5395360841858796, 17.259608426461174)
(0.5779899839187979, 0.30429504461090656, 1.0359022102040025, 14.209535078172783)
(0.4885529322157785, 0.3729286757566393, 0.9996899512138715, 15.837251382427354)
(0.46295842213400856, 0.4494415738994886, 1.06621906022562, 5.013500722163382)
(0.5625380016303194, 0.3692017778801657, 0.5532381475706275, 16.106636247547605)
(0.480099596498847, 0.5036692900687945, 0.6758410963240831, 9.77570126029724)
(0.2933213100218902, 0.3576564135001226, 0.7684082828470978, 19.716107267055875)
(0.22198959303857937, 0.4812655200996169, 1.08344244468008, 19.487080576825925)
(0.3003984423414475, 0.5762218973177855, 0.894249230579962, 9.017510106327695)
(0.5726195639356784, 0.4702390516467311, 0.519674254225476, 14.556603045408949)
(0.44253897309929313, 0.4191502358445094, 1.0457784569039676, 6.426300225547516)
(0.44156450620279686, 0.20783725766424369, 0.9710431215355749, 16.415740027377957)
(0.31223551872918043, 0.29573304124476046, 0.9466574408012345, 18.203698091908457)
(0.5611873674677228, 0.5903423371404315, 0.5910393508973423, 14.881511716063354)
(0.37893357908029235, 0.3218595108290155, 1.109835015831404, 7.6127111092166)
(0.3266028648799725, 0.46049084196516205, 0.8657966465853237, 6.7625861033478225)
(0.4663210071792547, 0.2212556455325916, 1.0776326992875735, 7.881467754973865)
(0.2132490092075103, 0.3812161614951762, 0.616078747826276, 6.38102263563807)
(0.2149715147234592, 0.5062310019664327, 0.972829719578024, 13.229860964650245)
(0.3438845787972156, 0.493103474264809, 0.6289381790079072, 13.017551526542793)
(0.3432448953297145, 0.3909479392122902, 0.5011092682754331, 14.053571106226237)
(0.47461423934947305, 0.4223162890609712, 1.0603827980921052, 13.937024255550776)
(0.5397133508973091, 0.5680960059954014, 0.8618188482184792, 18.26205610437568)
(0.3682835798590197, 0.22404735311150287, 0.5999529421553005, 11.273018752583575)
(0.3277341681161891, 0.277261462793204, 0.8367551758529618, 12.67369755718213)
(0.2276744337265162, 0.5809021680961928, 0.825910347375716, 18.051095765004014)
(0.25624222962817095, 0.20137381363348952, 1.1051705432322567, 16.306613372089004)
(0.2244637215317865, 0.4670413789108685, 0.8447044369329386, 16.396310284727143)
(0.28780335586628103, 0.21607767321545976, 0.9103286269116697, 12.723948283519338)
(0.4549700717075039, 0.5558130906528431, 1.1490392886121463, 8.698290864696377)
(0.5262405420716586, 0.5846112477150281, 0.8880635006534328, 16.542485251834524)
(0.3214111422195917, 0.41207286587601677, 0.9771907640065716, 19.094879322587282)
(0.4004797691529939, 0.2088585397323982, 0.7428848808459694, 9.656259763074038)
(0.5890858752025603, 0.3993043310712293, 0.965570911002981, 19.554928947137405)
(0.4918979501375769, 0.262595542494628, 0.9612885151490629, 12.479280386923154)
(0.3068497046056147, 0.4996052221675184, 1.2373438618633963, 10.54751200955415)
(0.36367213671218596, 0.48558714024195976, 0.8709550235872255, 19.371938999400232)
(0.28572449911489606, 0.23418690382906485, 0.603209101981188, 16.642815545802947)
(0.20531617663842072, 0.4058126378721537, 0.6140806367470928, 7.936550779732721)
(0.4867318433963365, 0.4825428784942665, 1.0077710042429735, 14.176291151400397)
(0.5571001318484264, 0.5511442004608151, 0.6816045773335447, 5.32660403689383)
(0.41139872858931004, 0.4440036510087991, 0.6687408943243085, 12.881652708642338)
(0.590195084382918, 0.5308770210494359, 0.7352335388453355, 16.468844879616512)
(0.5035328248077604, 0.35650367390734566, 0.9074114683181089, 12.737950050188319)
(0.5386426171704046, 0.577642838001855, 0.6949979695447431, 19.20051861394066)
(0.44377798308597893, 0.486266362456136, 1.1470459661081167, 15.808099437726451)
(0.47952739075675616, 0.4089881499036162, 0.6502199780590151, 9.701370575710573)
(0.5271627562676566, 0.28686223655433374, 0.7788687666218844, 9.218527819990832)
(0.23825577395568967, 0.3976868954607775, 0.933345295322446, 7.2472000684445685)
(0.595801189661513, 0.4439868255941206, 0.8335810269959132, 18.879139816217233)
(0.21406504660867784, 0.3191676858544249, 0.5923384417179214, 18.4430372419392)
(0.33685212628171723, 0.29812062857816846, 1.1639943851995294, 17.442123601499826)
(0.4797388851102034, 0.3828323561341733, 0.8074246084989375, 6.420263532832308)
(0.4195710180105616, 0.5232220779312224, 0.9601660509005006, 5.124869832939857)
(0.41966355197419825, 0.5360035999007694, 0.9033786631566558, 8.408007310914225)
(0.5144450308407453, 0.34398044984925963, 0.8414344320798608, 5.819679120182052)
(0.4633405612834118, 0.20379438072158446, 0.919055193310935, 6.31797167956994)
(0.23995322110676431, 0.2475586708569166, 0.942771657469899, 9.839728837229007)
(0.33751334662471766, 0.28972324596291765, 0.9022348628256751, 16.871912475614646)
(0.3764260168732536, 0.27904583430742347, 1.107623102771548, 11.508872908881017)
(0.5633040675623846, 0.25040462103446726, 1.007115051337784, 13.60130502921035)
(0.34414929357426916, 0.41705868418022524, 1.1542403860863064, 12.848444069252281)
(0.24880070860755288, 0.30060301483319984, 0.75195402195067, 10.001062130739035)
(0.24635239034000714, 0.21910209398257757, 1.2452534150665207, 11.034034551902774)
(0.23592647675044862, 0.5127336988212631, 0.7909662768181258, 7.8069014009546915)
(0.31732259783025757, 0.33598402141375294, 0.8877287807707714, 17.456619885552875)
(0.2522869862394853, 0.5269613094598272, 1.2001740468682391, 5.331150311565346)
(0.40628487639401545, 0.27412834185262447, 0.823959459266286, 6.575662091987166)
(0.20880769701283666, 0.36330437014839345, 1.0344010906463272, 11.68670009841009)
(0.5912749934639008, 0.2253054583611412, 0.9273335344703293, 17.87823177058764)
(0.5070148804248733, 0.3844694357800109, 0.9584871164867494, 5.200352486846899)
(0.2421400690309747, 0.580291811968247, 1.044221216555128, 15.93431506571845)
(0.33368522354567515, 0.2878268007139321, 1.0899213212321843, 18.481319656025995)
(0.3379162290874162, 0.5385648712281723, 0.6850755852385972, 15.199036867226518)
(0.3532929970336076, 0.5570494122262375, 0.8222148233120755, 7.7385302257772635)
(0.48407398207063673, 0.2946716652416241, 1.1511814728415566, 10.235906827388307)
(0.3861356527216301, 0.4602273275675292, 0.67343915770764, 10.28813153945373)
(0.5238342290915567, 0.23258988673457093, 1.240011708248893, 8.5234362467558)
(0.49503405919778953, 0.37555045724754826, 1.1836921688948334, 14.381645994181799)
(0.5344277155275177, 0.4707855110675819, 1.1175339061951237, 7.90313397220025)
(0.34679189554871837, 0.4631001807296245, 1.1396611360607338, 7.4417480878140285)
(0.29829017190261564, 0.5598394774658471, 0.8918532204548834, 15.724985150091104)
(0.3875352522557485, 0.5775625734457565, 0.8625877449505529, 15.600063876943981)
(0.31658064090558613, 0.22191127067913013, 0.7032318279844343, 12.080879496480947)
(0.4611566767515244, 0.5451492565008154, 0.6168900898801174, 9.200280852140102)
(0.304952935903932, 0.37815588401931843, 0.5562599763488612, 16.90867341846088)
(0.4844101996429831, 0.32831839474137836, 0.6480326963723284, 8.473698746520459)
(0.49904641927460913, 0.20682750266860822, 0.8583880792036698, 12.950043964833856)
(0.3090483499755634, 0.5505404900384445, 0.6710240699513874, 16.714135984244315)
(0.46643085425482994, 0.3653728754458583, 0.718471702340767, 13.127762237241704)
(0.3993866450276676, 0.29213059451410994, 0.5626578145194592, 12.602675222328408)
(0.5031023523699658, 0.3056582428836026, 0.9769741467553754, 18.309367068823388)
(0.39280024398539415, 0.5627970068015573, 0.612379215737885, 11.634887835486603)
(0.32717600366616584, 0.30536408400645765, 1.0612369999223292, 7.496177804778289)
(0.2630539261187916, 0.3305210870816053, 0.7373042791789897, 12.18188544241859)
(0.269774745782566, 0.23004723711314443, 0.9817498750357321, 15.972923127389093)
(0.42907136635885224, 0.22916564551622498, 1.1973165296504307, 8.719832198703696)
(0.55360534963299, 0.2499110070991485, 1.023638843042986, 18.587470326772923)
(0.4022865595401578, 0.5266326890723085, 1.2160066957518938, 13.493024737808602)
(0.3756169226367938, 0.35724988220653964, 0.5051348165997892, 14.753349669854762)
(0.5799408212346782, 0.3464346475573752, 0.6046115910682486, 16.09495428367915)
(0.21673718980106632, 0.21079527636472842, 0.6963140397562544, 7.3412896990507805)
(0.42088109512309113, 0.4452120825168997, 1.199674428859159, 6.911117318847415)
(0.3970971398103877, 0.39738282331769104, 0.8320096588358274, 8.20574801674635)
(0.2617704618791902, 0.5023266727352522, 0.5671481499222709, 6.85023781602434)
(0.5475487271707269, 0.36082776229164926, 0.9698707064754093, 6.202707080421735)
(0.38093843782775155, 0.340915999623511, 1.1054629017942554, 9.741873501544077)
(0.5013545578259813, 0.39628871313931147, 0.7249253677678509, 11.75590624070825)
(0.5063734588784918, 0.3795034826193242, 0.5952044696115486, 6.236766686164901)
(0.32033586475002285, 0.39455583707222663, 0.5759068511518526, 17.39267178918842)
(0.5534761825967449, 0.2389804181869222, 0.9945777419299352, 18.50790669226769)
(0.4017379544434301, 0.43871596515047057, 1.19751556757031, 16.068528802593633)
(0.32486831154351875, 0.3857623616052195, 0.5020663589396047, 11.783814874990096)
(0.26716620764172916, 0.3180902328662205, 0.6908075110833177, 14.433338745224052)
(0.572368197774763, 0.4288996654666254, 0.8207802980701222, 17.976660472238493)
(0.4900951707915879, 0.37892072390211295, 0.7997910454605249, 15.414365832214676)
(0.549620740926194, 0.5875633760662518, 0.9182553780184973, 5.251479916018076)
(0.5674426999462396, 0.3477030669380584, 1.022394318063931, 7.166439040908196)
(0.22707433804476868, 0.4711434842931651, 0.9902997997632966, 7.08710479548137)
(0.4233590332151386, 0.49624880453072107, 0.8931575705136983, 8.344033138513176)
(0.309498443564831, 0.20350795873837707, 0.8585109765783738, 16.43440852126411)
(0.43095288562544454, 0.20079800601388223, 0.9678617674984327, 6.4004668806054035)
(0.3418481122694073, 0.30763028784652835, 1.0536764568356438, 5.218289238907938)
(0.30450019400898465, 0.3584098382704695, 1.0674042643814738, 17.51536211168167)
(0.3472325341539755, 0.44350053013518553, 0.9155850815647503, 13.158536829398406)
(0.21294062073176495, 0.2832868647379777, 0.5782890453355607, 19.332566977937713)
(0.3389530611600297, 0.4699393345164882, 1.1958383219672524, 9.825951509840653)
(0.433760888263748, 0.40342323957050197, 1.1898166431181356, 8.526757860017831)
(0.5870504312638827, 0.33822158731230806, 0.5146927241925883, 12.317270855670849)
(0.43850734919382783, 0.5410206166950924, 1.1599878071675804, 5.945539794464603)
(0.21447369455536183, 0.3873105762583633, 1.011598181097111, 14.121397891195917)
(0.3826650041174462, 0.2749556165286333, 1.1745433941430958, 7.51599050496784)
(0.29431121909942115, 0.2483544370980724, 0.8025055143530626, 6.443286215134538)
(0.26449561880819317, 0.509873489849126, 0.6640960551121511, 14.353195787323182)
(0.20578127461590381, 0.3808323651488126, 0.7805938826342944, 8.871259125030473)
(0.3356598950459456, 0.4944141675182255, 1.1416508750021233, 10.174287897538504)
(0.37236657518714056, 0.5618438895432911, 1.0848067346815453, 11.747450891129583)
(0.3080187184901965, 0.4695218321646358, 0.5540304655457636, 5.828587417395182)
(0.41374362173114987, 0.38892959241596425, 0.8687513942572557, 19.435303594429126)
(0.4183253231526875, 0.4068249178269856, 1.0682736549950296, 11.251172202315598)
(0.20011553488072234, 0.5453374205127735, 1.2204115258112425, 10.795513306479638)
(0.41553620277129566, 0.3553306686770392, 1.1342970419786036, 9.315907460349854)
(0.3823351280260225, 0.21666704914598556, 0.7135015617047665, 12.208187314824466)
(0.3183238321981334, 0.5591227969855365, 0.8078436960712525, 11.238066838929942)
(0.49452444119680444, 0.49082242114965496, 1.2196799032837518, 8.96148342030274)
(0.32756067336354966, 0.5475828169490498, 1.1227089733418647, 18.96858467640528)
(0.2496627767036137, 0.49677727292864, 1.0499173197087823, 16.00435191900805)
(0.2578786649469271, 0.5927307904314627, 0.7812529881836732, 17.134045046160217)
(0.5844691967941568, 0.33214420222580376, 0.5219486896668036, 14.679324243201174)
(0.32605662620597076, 0.5719264831720576, 0.570499381537374, 14.861022072664351)
(0.45625845654427066, 0.5527504850675531, 0.6873603959344219, 18.09002376031311)
(0.5467719066516452, 0.3423772347191486, 0.6718129803088757, 14.070318458759695)
(0.35920710772101055, 0.25761425319666786, 0.7983930715382547, 5.934276135456557)
(0.37415967804434913, 0.39052374117075794, 0.8914278567499891, 17.297171598820483)
(0.3619693445354196, 0.23215834631791318, 0.6762600566931132, 15.20492023193513)
(0.5109156953859912, 0.5820061659833826, 0.8519914913343711, 16.999397276410573)
(0.3732531977596574, 0.32865412868384847, 0.795496727283864, 9.342391487336588)
(0.49042519399964946, 0.465097067725122, 0.7163813651202103, 9.077393346683266)
(0.4979769229313334, 0.3935677820213147, 1.131704741820529, 6.697038882938868)
(0.307542680464299, 0.20828467257287583, 0.6116037278992664, 8.674597163346103)
(0.4461786274520452, 0.29532003113194494, 1.0747640918893362, 5.639179196790466)
(0.27817799590162406, 0.3767623602773455, 0.8381342722109579, 10.386023080706705)
(0.465295396900872, 0.5612309043616699, 0.7565624897866254, 17.545259110743384)
(0.20082870454075513, 0.27103331835876704, 1.2349972878164115, 19.819061433262306)
(0.45755620506971967, 0.43996185861872683, 1.2024862232068623, 15.369480937893359)
(0.5640837404773598, 0.20296391469026215, 0.5973901728690822, 10.688781475967778)
(0.46745807923234495, 0.4163948026605313, 1.0157895585346004, 18.555040991687886)
(0.5802903017859127, 0.490475251938725, 1.0851800552018043, 11.844566719543812)
(0.49354439796859506, 0.5756768664361175, 0.7379921180287525, 18.04707743470278)
(0.40894076242788735, 0.5966065953435985, 0.7914204874536079, 6.168318152547914)
(0.45659267828966194, 0.533160027276411, 0.8441268099595594, 9.063011805285878)
(0.596418356688372, 0.40628605412382246, 0.538733596757303, 13.245168790905561)
(0.5992406998219286, 0.595774813635466, 0.7850606300758001, 14.490501126412582)
(0.4251540661302272, 0.3237775126189103, 0.5799908472561575, 16.85297139749764)
(0.38684823063643536, 0.2798109705956372, 0.9402714807319359, 15.266704804904833)
(0.5334916318426455, 0.3666044097938623, 0.8052220172806979, 18.80293998259605)
(0.2603594259796582, 0.2010765006045988, 0.8033260125897463, 11.914355373115297)
(0.4479682732403274, 0.3197215534569548, 1.1224461671802044, 12.19284375700629)
(0.3478645217466317, 0.25030876823681747, 0.9911084158266023, 16.778548830594012)
(0.4992193831227399, 0.5935439281031186, 1.0385302390856195, 18.40107856244787)
(0.5157433358378547, 0.585316029448743, 1.226971910832234, 5.7527028333772146)
(0.3898066125394609, 0.23298665656499412, 0.7877571297481525, 10.728421136093253)
(0.4677341439236295, 0.4879865560123255, 1.0570432737116875, 12.948586552033309)
(0.2171237091370709, 0.24614450763484105, 0.5400286425273463, 6.2986841763050645)
(0.5227639312094041, 0.5574266504334162, 0.5709854413461063, 9.369193112707162)
(0.4449683893567204, 0.3726033736930652, 0.8993847634382712, 5.855505546691093)
(0.5620974823113185, 0.26060120817581595, 1.0306405830403333, 11.734602813480425)
(0.29842299629467206, 0.26467233041129307, 1.0278080456885894, 11.120008866119186)
(0.30771252413139816, 0.3071810544906803, 1.1097035858922308, 14.029617476540597)
(0.28696015244019485, 0.20957137419997524, 0.6987999587323663, 18.410946401899658)
(0.2873815783733008, 0.3865533444274416, 1.042781079198856, 18.709040411863874)
(0.4065050158219232, 0.2783592856045004, 0.5351858317692362, 11.820331653361936)
(0.4571950137360648, 0.2986263857536975, 0.70496923931744, 14.287979766028672)
(0.45575827707848043, 0.24446125031875443, 0.5919451233471746, 8.932268418724092)
(0.35659741067580064, 0.5495107855488006, 1.0250418907650047, 15.330875436892443)
(0.20158951940632489, 0.432302930382818, 1.191974984329057, 14.95472975475066)
(0.2745901329962226, 0.39204674924718563, 0.6580307463296677, 11.802188440880613)
(0.25466394441852463, 0.20567129077625074, 0.8831317988650337, 7.968447345975349)
(0.32059880189870493, 0.5185312449656938, 0.830153356099182, 19.22615562720642)
(0.20329046009547241, 0.3202429159765756, 0.8794753492473002, 16.188258510381477)
(0.2079845109595084, 0.2406684225398094, 0.9841283814940485, 11.549655237745146)
(0.23457576020997345, 0.5806077563406029, 0.776241542898602, 13.53999556754655)
(0.5078727743411565, 0.41826151421785557, 0.542311139133769, 6.821053512981638)
(0.35747412003454515, 0.33666787284568983, 1.0994794662401104, 11.11028883765686)
(0.42714597967812806, 0.34742358324812983, 0.590080470440967, 8.164455414858432)
(0.47045793442140627, 0.36793472873717437, 1.1521195635256538, 14.413634953566156)
(0.5171959482650634, 0.4788338412251641, 0.5469088060794993, 6.08068597584859)
(0.36788530243960826, 0.30285348969063364, 1.0925582078195033, 11.861647513754438)
(0.5267189288848528, 0.4297259010271577, 0.8273382664501029, 5.525832055012211)
(0.2682242911752758, 0.579092594540944, 0.8703962847488794, 13.6145204964697)
(0.4256103561524077, 0.47678866249177143, 0.7274446659839164, 9.546096044561605)
(0.21557008738630906, 0.5915559319819576, 0.5647310321761627, 9.175280549361563)
(0.5831724690338735, 0.5004662308991396, 0.7171074321141163, 12.486392039399952)
(0.32084880364760293, 0.4000749968923799, 0.8363630758278167, 11.941224340373758)
(0.24539760979843556, 0.2939596754488793, 0.9975058653886449, 13.967990341711566)
(0.2953955308149997, 0.43197824721033323, 0.506525365632294, 5.5065187930899535)
(0.49095198738291534, 0.350485285315191, 0.6702070227840946, 10.20724574472267)
(0.5372556929220181, 0.2282630923702848, 1.1010057469505223, 7.378960804524448)
(0.32873832364712413, 0.4925885350325747, 1.1846852302441238, 16.026822917669058)
(0.32443028409623614, 0.45847135474519546, 1.128078103909433, 14.336636021133117)
(0.3052061570493596, 0.36590083932406753, 1.104443038725571, 19.976570886145982)
(0.30666848576087596, 0.5426710644908768, 0.5479946859843725, 16.55605640885678)
(0.20709438651908976, 0.5963248565807229, 1.1817196760514552, 17.564534576352866)
(0.2900484124510454, 0.32506533167696106, 1.1399906943424103, 13.68865179554897)
(0.5286687596763239, 0.4392713437059952, 0.9644810902552499, 18.746611366569486)
(0.27719960301437974, 0.24678596369363087, 1.0242568506169205, 10.778265741147447)
(0.44842497389649083, 0.24283907871803279, 1.1539846677626429, 17.693122290653132)
(0.5218195417023955, 0.35248417671839977, 0.9087449631618775, 19.89067701048199)
(0.5604994704896835, 0.5292827916845593, 0.516035214049089, 15.690481157158306)
(0.4926758549634848, 0.3916132944145432, 0.9796705908655743, 5.578293116746343)
(0.2793790668999037, 0.24103619906525425, 1.194085496326552, 11.443514968658487)
(0.5480693140321591, 0.2124363795920807, 0.5818009173051385, 12.521535556912559)
(0.28342314057701423, 0.23371790397648326, 1.0506212573065281, 9.941555266369004)
(0.33932000759127107, 0.37490010825971154, 0.5167427046674621, 7.11880799666406)
(0.2075165418669776, 0.41140065018119126, 0.6893087985840463, 16.819962831037145)
(0.5112576149964745, 0.24255599019662205, 0.5366531477512263, 15.022754643911364)
(0.3917131772134238, 0.48009668018261453, 0.7067059681536036, 5.107186962399575)
(0.3282343889671471, 0.5277717963388218, 0.9177495182722251, 15.505326903279833)
(0.2997127296831488, 0.31737315625380447, 1.1348775808872174, 14.317850952894325)
(0.34692745091313393, 0.42308877038411197, 0.85478069499644, 11.214390992087068)
(0.21760482442843504, 0.45121149547349243, 1.0460608177078925, 11.94866942688162)
(0.4517562282526012, 0.5283311317345268, 1.2038424864369321, 10.088519352164084)
(0.20859165713651778, 0.48445270434863774, 1.0744177580756062, 16.949285894779273)
(0.5933976142325625, 0.2910270698816524, 0.6416685600891339, 14.927697075589332)
(0.3600649530828578, 0.5862062462963193, 0.5097134581799354, 14.749752631115335)
(0.4358106098392023, 0.31113424850963023, 0.8692211555405006, 16.733070148062083)
(0.5515086813166171, 0.5521631292220472, 1.180884166517386, 6.075446260226085)
(0.38284448180232744, 0.2673823607634071, 0.9148355834786418, 10.126621282937307)
(0.3974679902627005, 0.2726116191446173, 1.047139939943604, 17.810035280492244)
(0.3431542218724115, 0.34125921398575937, 0.9388522384704336, 15.341702020526933)
(0.5766623851326963, 0.5373923095582847, 1.0840306492213951, 11.558013388273402)
(0.37860068833651583, 0.5104296631284491, 0.8385329814917329, 18.89728521000328)
(0.5557155722584088, 0.46339842681422794, 1.0310716202371855, 17.3422333105867)
(0.34841066052650166, 0.21527512377925953, 0.5586044499786014, 16.167756382514433)
(0.592865119380265, 0.2998772903665691, 1.064928538866077, 9.422893247624165)
(0.23707717923361502, 0.5594217069346561, 1.0945082602113925, 8.024194743265637)
(0.24927195810208652, 0.49149732964314313, 0.8894410391208841, 8.868894318963324)
(0.44689370435699394, 0.512083190702868, 1.1671987259183731, 16.13416283265249)
(0.46443394463850196, 0.5712797148105782, 0.6572071651172022, 8.637736797285799)
(0.34968825698208567, 0.2658829621640604, 0.5023970879447683, 19.920078932861585)
(0.2796776037670458, 0.3407652798226597, 0.586966702027317, 10.490034868289452)
(0.4376522171507061, 0.5364468609986135, 0.9357865400392951, 15.643425255358782)
(0.551085265778128, 0.4431479900019928, 0.8431240931498462, 19.08169927519285)
(0.5784257796573042, 0.45479839873502287, 0.9813926024466927, 6.556302862203749)
(0.3515204173153627, 0.38070968862536814, 1.089007964296204, 17.535087318825305)
(0.5021539902472386, 0.3296438968265415, 0.9532980824258557, 16.749582008130705)
(0.5446537986807114, 0.5287361046129508, 0.5882595619531625, 5.480535760269438)
(0.33815127544621876, 0.5318889955522264, 0.7696618135496285, 17.092467304438536)
(0.2189326225717177, 0.5529757388637083, 0.5788361278425246, 15.384913406416748)
(0.39854290810768356, 0.2839240927451157, 0.6679202084877407, 19.14552286824414)
(0.47256045665195984, 0.37343372663634145, 0.6548082343843173, 6.724072820583924)
(0.4284711490904384, 0.47151334178577425, 0.7138965904952616, 9.491984323351046)
(0.49988937119453725, 0.4467879160207032, 0.784388124983505, 18.10735309787796)
(0.20077927795374406, 0.2640976489076696, 1.0937374675832203, 11.894159989916126)
(0.5367011729650877, 0.5240563286085211, 0.6805270028554201, 18.946847111453735)
(0.5098763001094655, 0.463918740169933, 0.5297617585843961, 15.048755956656978)
(0.5363365879883522, 0.3254331788466415, 0.6748403998583076, 5.974140638799166)
(0.574714930117296, 0.2864366617297834, 0.79858248899438, 6.83480823750056)
(0.3115038105783619, 0.2346320757755777, 0.7473415842541715, 5.778071172363122)
(0.2978480006421944, 0.5537696713579718, 1.1724800504934014, 16.12083763174301)
(0.24708149810584829, 0.2066616597888957, 0.8849069948062666, 6.7868252790365915)
(0.37027118636738754, 0.40137139367946184, 0.9205413782870808, 6.529199980374389)
(0.41850485712745583, 0.5211315986067055, 0.5634307156071898, 12.837694317599311)
(0.5855262113663284, 0.44836217785973465, 0.9857389902389967, 18.110715711386746)
(0.37495394576400465, 0.3998474359086388, 0.5059708168844194, 13.660995900779135)
(0.37756309694362583, 0.308982982371581, 1.0949360371187962, 9.973646219775578)
(0.3814802354020734, 0.23758104630647298, 0.9237314165936288, 16.408549601455316)
(0.36324666189171884, 0.3623023748884827, 0.5070694583706636, 19.929735412704805)
(0.4915756680529994, 0.5027387598496786, 0.6745015424049353, 12.41494860238777)
(0.5922243859551087, 0.2593063219727127, 0.68984930160082, 15.563624415851022)
(0.5648031011170747, 0.4044982555725073, 0.8811108656037444, 10.522514504623025)
(0.318507893695088, 0.4784792792733376, 0.6200489875790994, 11.652871889322107)
(0.254944685190435, 0.5989940241113709, 0.511361722259606, 12.388529605956927)
(0.21007210929154213, 0.5288802581699772, 0.5892785854239736, 7.681266189511138)
(0.4473161521960456, 0.566497232200941, 0.9215477911303964, 17.751396463729165)
(0.5173705896553166, 0.2169683387256544, 1.0496245315786967, 5.5403755594636435)
(0.24309799301491863, 0.33691010551261946, 0.658403153746396, 17.18838176743083)
(0.5307155225119884, 0.30992441584631214, 1.2216076279993238, 8.112338652698773)
(0.3163639452071847, 0.3521131922108948, 0.8043123717103962, 7.521854078738738)
(0.22547617128558803, 0.47991989166796395, 0.7586863561673338, 15.147327032950436)
(0.3154197049648727, 0.28889947514215875, 0.6361515480596052, 11.534842760466134)
(0.3906953380337468, 0.313888741301812, 1.2185541140736291, 11.597523820968682)
(0.4224047294301771, 0.23826923221792312, 0.6956837073234369, 6.496269644288182)
(0.5587766342481781, 0.4196839880923344, 0.5753655853155941, 7.874945200716998)
(0.4689351801581474, 0.32294774138961985, 0.8720450959330793, 13.025581092248775)
(0.22892772648973386, 0.29287287362910236, 0.7191556811747486, 5.997630447009501)
(0.41611821668478666, 0.5651686963969266, 0.5031814841876373, 14.000572504892116)
(0.45276601009874967, 0.5216655536861632, 1.101550264980013, 11.581607166652969)
(0.4781900755249563, 0.49202885670981483, 0.9867798304966078, 11.358081764234715)
(0.5874603983097778, 0.47612074214353967, 1.2243338311254606, 6.675128440570483)
(0.34159068357599814, 0.3327385913276275, 0.9548282528791866, 10.405203649005436)
(0.20814043526756168, 0.4756886558116887, 0.7269385389396958, 9.990897639256382)
(0.313193767719983, 0.24151734806957906, 0.6857657091408484, 10.952326897152792)
(0.4731919422114014, 0.5323370209565339, 1.1647504253348242, 19.64555621875291)
(0.2508257265442408, 0.3036807326834411, 1.0140741829123692, 5.477936654787602)
(0.2717743712724299, 0.4851753619756343, 0.7531768363269419, 13.274146120565792)
(0.30182887447625484, 0.21948806963264209, 0.7642356271642822, 9.892385832990518)
(0.21809259320296043, 0.5169488991616836, 0.7305962414005003, 19.594533737299876)
(0.5137108264005232, 0.5081820068241686, 0.6355469442120021, 6.750082369417198)
(0.5064257572854121, 0.25335025510195314, 0.7238930656740068, 19.495686173904375)
(0.22503450307000575, 0.2134119270907188, 1.233282268057469, 11.983402200491124)
(0.3797257631070248, 0.5799840232299653, 0.6539037294445279, 11.07075530688708)
(0.5493269760826269, 0.222142909874128, 0.5520105289631441, 10.450878066256163)
(0.29641635926477217, 0.2925966623349219, 1.0432007606633635, 5.799418260031481)
(0.5763054929690887, 0.4970866776643253, 1.1686819871763823, 8.100834531043052)
(0.305853302760428, 0.2538436157544287, 1.2390471015792963, 12.121701649358975)
(0.5756782832536493, 0.4866249854572914, 0.6419703169162376, 18.333778362781388)
(0.5826120138423503, 0.3463887121871291, 1.0192430675061384, 14.114844348845045)
(0.22722029887435768, 0.41107035031415945, 0.6225771455764867, 6.031139186364581)
(0.33975195494842103, 0.5406131830599467, 0.6512220288038708, 13.981944659763798)
(0.44995539146241137, 0.5691520483464173, 0.7197507199868709, 14.848815339097142)
(0.5295992281168507, 0.22361882848374962, 0.6109850150568277, 9.883721208116683)
(0.49851300896561174, 0.4240341603022513, 0.7057153352814259, 19.2580456136765)
(0.2920102231844064, 0.5895842722467868, 0.7535098308480965, 9.757259126724374)
(0.46682842799314944, 0.211498091030361, 1.1186431564457868, 8.81505027080941)
(0.5877936562248055, 0.33459073281570223, 0.5638065356161376, 5.875698786400201)
(0.48947557446595813, 0.42783997337743285, 0.7316498781236811, 10.187115289395866)
(0.5243426599719161, 0.2820758834635155, 0.818221344899021, 13.332044824735837)
(0.48305025286654896, 0.5077326022838702, 1.249390320989228, 19.026781501764923)
(0.41458119350871747, 0.30807204595127213, 0.6668665205349404, 6.687882048662182)
(0.42405382725775115, 0.31704545042549415, 1.2032030654907193, 14.310426329820725)
(0.22299251930868216, 0.45378205998652416, 1.1190046541410172, 17.968542465348357)
(0.5491128650832465, 0.20485326317503447, 0.8732404993495715, 10.356155848702397)
(0.4811170586667894, 0.4993759770095055, 0.6263475386798529, 19.537570282281095)
(0.3119444594452997, 0.284836025130833, 0.995351428870871, 11.096208359241285)
(0.5565959334826809, 0.3375855900372655, 1.242127182003645, 11.401046755059845)
(0.5322629247278488, 0.28574035936032516, 0.9758767271528944, 5.058601726809988)
(0.5639707834900953, 0.38832573692175304, 1.1636068361400709, 17.86087548864543)
(0.3291288742143818, 0.3952473122306901, 1.19884267950454, 17.928633028318604)
(0.34604970159345616, 0.3034818689695693, 1.0089309330276248, 7.100614604239813)
(0.3900222523123369, 0.5101140332442939, 1.0624482957862007, 10.511099898118829)
(0.550004368825983, 0.28162123350863044, 1.13892049813061, 8.324060490453643)
(0.39987378530163886, 0.38994810875723807, 0.5332289012665634, 13.740892274534596)
(0.5594620536787498, 0.5167638564493193, 0.627126524330916, 6.107627482045219)
(0.3914271638305682, 0.5011426631111586, 0.5975346125825374, 14.912825262002043)
(0.29459124513845975, 0.3063212080698724, 1.0039427286473956, 17.056965370717368)
(0.5091780903570438, 0.20634424104675161, 0.8108798868816776, 6.775222767184136)
(0.2587650640739713, 0.5622235925504382, 0.86781406473286, 14.581486614856834)
(0.3526511686353936, 0.28637126605210655, 0.7578349016898251, 16.197998706111214)
(0.5704038231284299, 0.4892014939748243, 0.6005152837391567, 10.483653704205494)
(0.5979677278486342, 0.5554705706251002, 0.6438217142184718, 9.874788101376351)
(0.5523619065558847, 0.5858187232259804, 0.8754952531521467, 12.227294694175482)
